7
0.000000000000 4.000000000000 6.000000000000 -2.000000000000
4.000000000000 0.000000000000 0.000000000000 -4.000000000000
0.000000000000 -4.000000000000 -6.000000000000 2.000000000000
-6.000000000000 -2.000000000000 2.000000000000 6.000000000000
0.000000000000 6.000000000000 0.000000000000 -4.000000000000
-10.000000000000 0.000000000000 10.000000000000 0.000000000000
-6.000000000000 2.000000000000 4.000000000000 0.000000000000
8
4.000000000000 0.000000000000
-0.000000000000 4.000000000000
0.000000000000 -4.000000000000
-4.000000000000 0.000000000000
-6.000000000000 2.000000000000
-2.666666666667 1.333333333333
0.000000000000 0.000000000000
0.000000000000 0.800000000000
