5 0.000
10 0.000
15 0.000
20 0.000
25 0.000
30 0.000
35 0.000
40 0.000
45 0.000
50 0.000
55 0.996
60 0.000
65 0.000
70 0.997
75 0.997
80 0.998
85 1.995
90 1.993
95 1.996
100 1.952
105 3.013
110 3.969
115 3.969
120 4.975
125 5.985
130 5.983
135 6.982
140 8.013
145 7.979
150 9.979
155 9.974
160 10.929
165 11.967
170 13.998
175 13.966
180 13.968
185 15.956
190 19.947
195 18.949
200 20.945
205 24.889
210 22.938
215 25.964
220 28.933
225 29.909
230 31.957
235 33.898
240 35.936
245 38.909
250 38.890
255 43.902
260 46.885
265 48.869
270 51.846
275 54.822
280 58.843
285 63.830
290 69.854
295 72.773
300 79.758
305 76.842
310 79.770
315 87.808
320 94.715
325 91.755
330 97.697
335 132.691
340 119.721
345 149.585
350 130.691
355 137.631
360 142.659
365 126.662
370 128.610
375 141.669
380 150.554
385 161.541
390 155.627
395 162.552
400 164.564
405 204.411
410 206.485
415 193.448
420 190.536
425 199.467
430 206.403
435 204.453
440 217.419
445 222.404
450 226.393
455 245.343
460 252.356
465 260.300
470 270.273
475 277.259
480 289.223
485 298.245
490 301.194
495 318.106
500 326.138
505 335.106
510 346.073
515 355.051
520 363.037
525 373.045
530 376.950
535 382.974
540 474.773
545 419.877
550 416.843
555 424.861
560 435.835
565 445.808
570 460.768
575 476.767
580 499.662
585 515.578
590 511.628
595 533.615
600 557.499
605 557.471
610 570.470
615 579.451
620 597.403
625 608.374
630 626.323
635 640.287
640 666.263
645 687.213
650 716.086
655 717.127
660 738.069
665 749.997
670 769.942
675 787.893
680 806.841
685 820.808
690 837.760
695 831.776
700 850.725
705 882.681
710 893.567
715 908.572
720 925.524
725 967.404
730 964.422
735 986.363
740 1015.465
745 1047.244
750 1085.088
755 1089.055
760 1098.063
765 1121.003
770 1154.913
775 1167.877
780 1185.829
785 1203.781
790 1277.615
795 1296.576
800 1332.437
805 1360.317
810 1323.461
815 1351.387
820 1381.306
825 1405.243
830 1432.169
835 1483.035
840 1510.961
845 1616.678
850 1552.892
855 1595.685
860 1579.776
865 1650.631
870 1655.530
875 1668.538
880 1697.461
885 1737.355
890 1842.092
895 1880.968
900 1898.918
905 1915.883
910 1949.787
915 1977.713
920 2014.623
925 2008.629
930 2014.613
935 2057.498
940 2090.411
945 2119.333
950 2241.007
955 2188.149
960 2251.019
965 2271.883
970 2277.910
975 2305.833
980 2450.491
985 2532.229
990 2564.144
995 2528.198
1000 2564.144
